first4.py: for k = 20, random states: 35-45, total_combo = 100

Linear algo:
TPR: 0.9196423474513535
TNR: 0.9464963681696655
FPR: 0.05350363183033304
FNR: 0.08035765254864721
Ranfom Forest algo:
TPR: 0.9925296348980566
TNR: 1.0
FPR: 0.0
FNR: 0.0074703651019440535
SVM algo:
TPR: 0.8964706339910821
TNR: 0.9627014561164983
FPR: 0.03729854388350231
FNR: 0.10352936600891625